tail.node	head.node	capacity..veh.h.	length..miles.	fftt.min.	Power	B	speed.limit..mph.
N1209330272	N171946	9999	5.79	0.4168466522678186	0.15	4	13.89
N1209330272	N3280496563	9999	7.61	0.5478761699064075	0.15	4	13.89
N1209330640	N1209330272	9999	103.07	7.420446364290856	0.15	4	13.89
N1209330887	N1209332387	9999	82.52	5.940964722822174	0.15	4	13.89
N1209332387	N1854720781	9999	32.33	2.327573794096472	0.15	4	13.89
N1278838932	N345538475	9999	103.32	7.4384449244060455	0.15	4	13.89
N1278838937	N26513072	9999	16.27	1.1713462922966162	0.15	4	13.89
N1278838975	N365886564	9999	13.23	0.9524838012958964	0.15	4	13.89
N1278838976	N1915012227	9999	103.43	7.4463642908567325	0.15	4	13.89
N1278838994	N25901951	9999	10.92	0.7861771058315334	0.15	4	13.89
N1278839005	N1555729961	9999	3.8	0.2735781137508999	0.15	4	13.89
N1278839005	N25552446	9999	91.34	6.575953923686105	0.15	4	13.89
N1278839019	N3428425011	9999	37.8	2.7213822894168462	0.15	4	13.89
N1278839025	N26513072	9999	9.22	0.6637868970482361	0.15	4	13.89
N1278839038	N25901951	9999	3.2	0.23038156947444205	0.15	4	13.89
N1278839042	N2827804125	9999	144.62	10.411807055435565	0.15	4	13.89
N1278839084	N365886564	9999	9.02	0.6493880489560835	0.15	4	13.89
N1278839092	N25901938	9999	17.71	1.2750179985601149	0.15	4	13.89
N1278839131	N25901948	9999	9.28	0.6681065514758818	0.15	4	13.89
N1278839146	N25552447	9999	13.33	0.9596832253419726	0.15	4	13.89
N1505184312	N1505184313	9999	79.6	5.730741540676745	0.15	4	13.89
N1505184312	N2383701846	9999	13.8	0.9935205183585312	0.15	4	13.89
N1505184313	N1505184312	9999	79.6	5.730741540676745	0.15	4	13.89
N1505184313	N2383701848	9999	12.05	0.8675305975521959	0.15	4	13.89
N1505184314	N2383701847	9999	96.55	6.9510439164866815	0.15	4	13.89
N1505184314	N2383701848	9999	14.32	1.030957523398128	0.15	4	13.89
N1505184315	N2383701848	9999	23.36	1.6817854571634268	0.15	4	13.89
N1505184316	N1505184318	9999	61.36	4.417566594672426	0.15	4	13.89
N1505184316	N2383701848	9999	4.6	0.3311735061195104	0.15	4	13.89
N1505184318	N1505184316	9999	61.59	4.434125269978402	0.15	4	13.89
N1505184318	N29484171	9999	10.83	0.7796976241900647	0.15	4	13.89
N1505184321	N29484171	9999	5.42	0.3902087832973362	0.15	4	13.89
N1505184322	N1505184324	9999	82.84	5.96400287976962	0.15	4	13.89
N1505184323	N29484171	9999	1.73	0.12455003599712022	0.15	4	13.89
N1505184324	N1505184326	9999	23.63	1.7012239020878328	0.15	4	13.89
N1505184326	N1505184327	9999	16.42	1.1821454283657309	0.15	4	13.89
N1505184327	N1505184330	9999	15.3	1.101511879049676	0.15	4	13.89
N1505184328	N1505184323	9999	122.63	8.828653707703383	0.15	4	13.89
N1505184329	N1505184330	9999	15.01	1.0806335493160546	0.15	4	13.89
N1505184330	N1505184329	9999	15.01	1.0806335493160546	0.15	4	13.89
N1505184330	N1505184332	9999	12.34	0.8884089272858171	0.15	4	13.89
N1505184330	N25552416	9999	0.2	0.014398848092152628	0.15	4	13.89
N1505184331	N25552416	9999	12.5	0.8999280057595392	0.15	4	13.89
N1505184331	N25552418	9999	90.1	6.486681065514758	0.15	4	13.89
N1505184334	N25552416	9999	12.76	0.9186465082793376	0.15	4	13.89
N1555729951	N942080445	9999	8.31	0.5982721382289417	0.15	4	13.89
N1555729961	N1278839005	9999	3.8	0.2735781137508999	0.15	4	13.89
N1555729961	N25552447	9999	3.06	0.2203023758099352	0.15	4	13.89
N1555729967	N1973690392	9999	3.14	0.22606191504679626	0.15	4	13.89
N1555729985	N4576234823	9999	96.06	6.915766738660908	0.15	4	13.89
N171946	N26513145	9999	46.4	3.340532757379409	0.15	4	13.89
N1760085654	N25901936	9999	13.68	0.9848812095032397	0.15	4	13.89
N1900998825	N4576234358	9999	96.65	6.958243340532758	0.15	4	13.89
N1900998827	N1900998825	9999	9.51	0.6846652267818574	0.15	4	13.89
N1900998827	N4576234377	9999	48.65	3.5025197984161265	0.15	4	13.89
N1915012227	N25903302	9999	21.27	1.5313174946004318	0.15	4	13.89
N1915012228	N1278839019	9999	103.4	7.44420446364291	0.15	4	13.89
N1915012230	N3418035839	9999	15.44	1.111591072714183	0.15	4	13.89
N1950481105	N26513155	9999	8.36	0.6018718502519798	0.15	4	13.89
N1950481116	N25552423	9999	12.78	0.9200863930885528	0.15	4	13.89
N1950481116	N25552425	9999	81.99	5.902807775377968	0.15	4	13.89
N1950481121	N25552446	9999	6.77	0.4874010079193664	0.15	4	13.89
N1950481125	N25552425	9999	90.73	6.532037437005039	0.15	4	13.89
N1950481125	N25552446	9999	5.49	0.3952483801295896	0.15	4	13.89
N1957490899	N3964030753	9999	3.59	0.2584593232541397	0.15	4	13.89
N1963430768	N255289007	9999	144.94	10.434845212383008	0.15	4	13.89
N1963430771	N25552421	9999	11.71	0.8430525557955364	0.15	4	13.89
N1973690386	N26513155	9999	6.04	0.4348452123830093	0.15	4	13.89
N1973690392	N26513085	9999	98.9	7.120230381569475	0.15	4	13.89
N1973690393	N1950481121	9999	131.47	9.46508279337653	0.15	4	13.89
N1981925766	N28096488	9999	10.25	0.7379409647228221	0.15	4	13.89
N1981925767	N26513117	9999	140.99	10.150467962562995	0.15	4	13.89
N1981925770	N25552425	9999	11.59	0.8344132469402448	0.15	4	13.89
N2005647264	N4576234821	9999	64.84	4.668106551475882	0.15	4	13.89
N20953243	N20953244	9999	138.06	9.93952483801296	0.15	4	13.89
N20953243	N329991000	9999	33.92	2.442044636429085	0.15	4	13.89
N20953244	N21627170	9999	58.55	4.2152627789776815	0.15	4	13.89
N20953244	N26784118	9999	108.09	7.781857451403887	0.15	4	13.89
N20953244	N4018314904	9999	122.13	8.792656587473001	0.15	4	13.89
N21527321	N1957490899	9999	21.56	1.552195824334053	0.15	4	13.89
N21527321	N2383701846	9999	0.2	0.007199424046076314	0.15	4	27.78
N21627170	N389139057	9999	9.04	0.6508279337652987	0.15	4	13.89
N21627306	N389139057	9999	8.68	0.624910007199424	0.15	4	13.89
N2377018002	N1278838937	9999	103.91	7.480921526277897	0.15	4	13.89
N2383701843	N26513091	9999	80.91	5.825053995680345	0.15	4	13.89
N2383701844	N2383701843	9999	50.42	3.629949604031677	0.15	4	13.89
N2383701845	N1209330640	9999	0.2	0.014398848092152628	0.15	4	13.89
N2383701845	N2383701844	9999	128.11	9.223182145428366	0.15	4	13.89
N2383701846	N1505184312	9999	13.8	0.9935205183585312	0.15	4	13.89
N2383701846	N21527321	9999	0.2	0.007199424046076314	0.15	4	27.78
N2383701846	N329991544	9999	15.67	1.1281497480201583	0.15	4	13.89
N2383701847	N1505184314	9999	96.41	6.940964722822174	0.15	4	13.89
N2383701847	N255289006	9999	0.2	0.014398848092152628	0.15	4	13.89
N2383701847	N25552412	9999	117.11	8.431245500359971	0.15	4	13.89
N2383701848	N1505184313	9999	12.05	0.8675305975521959	0.15	4	13.89
N2383701848	N1505184314	9999	14.46	1.041036717062635	0.15	4	13.89
N2383701848	N1505184315	9999	23.36	1.6817854571634268	0.15	4	13.89
N2383701848	N1505184316	9999	4.38	0.3153347732181425	0.15	4	13.89
N2506473177	N21627306	9999	28.77	2.071274298056156	0.15	4	13.89
N2506473177	N329991195	9999	29.45	2.1202303815694745	0.15	4	13.89
N255289006	N255289007	9999	101.74	7.324694024478041	0.15	4	13.89
N255289006	N29484172	9999	154.48	11.121670266378686	0.15	4	13.89
N255289007	N1209330640	9999	71.03	5.1137508999280055	0.15	4	13.89
N255289007	N942080459	9999	96.18	6.924406047516199	0.15	4	13.89
N255522956	N329991283	9999	144.6	10.41036717062635	0.15	4	13.89
N25552412	N1209330640	9999	0.2	0.014398848092152628	0.15	4	13.89
N25552412	N2383701845	9999	0.2	0.014398848092152628	0.15	4	13.89
N25552416	N1505184328	9999	14.76	1.062634989200864	0.15	4	13.89
N25552416	N1505184330	9999	0.2	0.014398848092152628	0.15	4	13.89
N25552416	N1505184331	9999	12.5	0.8999280057595392	0.15	4	13.89
N25552418	N1505184331	9999	90.1	6.486681065514758	0.15	4	13.89
N25552418	N1950481115	9999	9.43	0.6789056875449964	0.15	4	13.89
N25552418	N25552421	9999	101.1	7.278617710583153	0.15	4	13.89
N25552421	N25552418	9999	101.22	7.287257019438446	0.15	4	13.89
N25552421	N2620304856	9999	18.97	1.3657307415406763	0.15	4	13.89
N25552421	N2620304879	9999	15.07	1.0849532037437004	0.15	4	13.89
N25552423	N1950481116	9999	12.78	0.9200863930885528	0.15	4	13.89
N25552423	N1950481126	9999	15.99	1.1511879049676026	0.15	4	13.89
N25552423	N2620304879	9999	87.76	6.318214542836572	0.15	4	13.89
N25552425	N1950481116	9999	82.0	5.903527717782577	0.15	4	13.89
N25552425	N1950481125	9999	90.73	6.532037437005039	0.15	4	13.89
N25552425	N1981925767	9999	8.85	0.6371490280777538	0.15	4	13.89
N25552446	N1278839005	9999	91.34	6.575953923686105	0.15	4	13.89
N25552446	N1950481125	9999	5.49	0.3952483801295896	0.15	4	13.89
N25552446	N1950481127	9999	11.28	0.8120950323974081	0.15	4	13.89
N25552447	N1555729961	9999	3.09	0.22246220302375808	0.15	4	13.89
N25552447	N2377018002	9999	26.38	1.8992080633549315	0.15	4	13.89
N25552447	N25552448	9999	4.28	0.30813534917206625	0.15	4	13.89
N25552448	N25552449	9999	91.84	6.611951043916488	0.15	4	13.89
N25552449	N3428425014	9999	43.54	3.134629229661627	0.15	4	13.89
N25552450	N25903296	9999	4.5	0.3239740820734341	0.15	4	13.89
N25901895	N25901914	9999	120.75	8.693304535637147	0.15	4	13.89
N25901895	N3418035825	9999	60.99	4.390928725701944	0.15	4	13.89
N25901897	N942080448	9999	92.37	6.650107991360692	0.15	4	13.89
N25901898	N25901851	9999	31.3	2.2534197264218863	0.15	4	13.89
N25901898	N25901897	9999	124.38	8.954643628509716	0.15	4	13.89
N25901914	N25901897	9999	32.68	2.3527717782577398	0.15	4	13.89
N25901914	N25901917	9999	70.55	5.079193664506839	0.15	4	13.89
N25901917	N25901921	9999	32.65	2.3506119510439163	0.15	4	13.89
N25901919	N1900998827	9999	35.91	2.5853131749460037	0.15	4	13.89
N25901919	N25901917	9999	113.26	8.154067674586033	0.15	4	13.89
N25901921	N3418035827	9999	93.74	6.748740100791937	0.15	4	13.89
N25901925	N1278838932	9999	31.83	2.2915766738660905	0.15	4	13.89
N25901925	N25903309	9999	5.42	0.3902087832973362	0.15	4	13.89
N25901935	N1278839084	9999	4.18	0.3009359251259899	0.15	4	13.89
N25901935	N345538472	9999	25.21	1.8149748020158387	0.15	4	13.89
N25901936	N1278839092	9999	22.09	1.5903527717782575	0.15	4	13.89
N25901936	N554166728	9999	18.67	1.344132469402448	0.15	4	13.89
N25901940	N25901935	9999	15.21	1.0950323974082077	0.15	4	13.89
N25901948	N1915012230	9999	9.17	0.6601871850251979	0.15	4	13.89
N25901948	N25901958	9999	21.05	1.515478761699064	0.15	4	13.89
N25901950	N1278838994	9999	1.26	0.09071274298056156	0.15	4	13.89
N25901950	N25903296	9999	0.2	0.014398848092152628	0.15	4	13.89
N25901951	N389139048	9999	2.06	0.14830813534917206	0.15	4	13.89
N25901958	N345537803	9999	62.18	4.476601871850252	0.15	4	13.89
N25903291	N389139048	9999	8.99	0.6472282217422606	0.15	4	13.89
N25903296	N1278838994	9999	2.09	0.15046796256299494	0.15	4	13.89
N25903296	N3418035846	9999	0.1	0.007199424046076314	0.15	4	13.89
N25903298	N1278839038	9999	65.83	4.739380849532037	0.15	4	13.89
N25903298	N25901948	9999	2.09	0.15046796256299494	0.15	4	13.89
N25903298	N25901958	9999	9.37	0.6745860331173505	0.15	4	13.89
N25903302	N25903298	9999	11.51	0.8286537077033836	0.15	4	13.89
N25903307	N25903309	9999	0.2	0.014398848092152628	0.15	4	13.89
N25903307	N3418035826	9999	14.26	1.0266378689704825	0.15	4	13.89
N25903309	N1278838976	9999	34.62	2.49244060475162	0.15	4	13.89
N25903309	N25903307	9999	1.17	0.08423326133909287	0.15	4	13.89
N2620304856	N28096488	9999	127.93	9.210223182145427	0.15	4	13.89
N2620304879	N25552421	9999	15.21	1.0950323974082077	0.15	4	13.89
N2620304879	N25552423	9999	87.61	6.307415406767459	0.15	4	13.89
N26513047	N4576234822	9999	5.06	0.36429085673146144	0.15	4	13.89
N26513047	N4576234824	9999	5.36	0.3858891288696905	0.15	4	13.89
N26513061	N26513067	9999	72.94	5.251259899208064	0.15	4	13.89
N26513061	N26513105	9999	105.6	7.602591792656588	0.15	4	13.89
N26513067	N1555729951	9999	101.73	7.323974082073433	0.15	4	13.89
N26513067	N26513085	9999	153.23	11.031677465802737	0.15	4	13.89
N26513072	N1555729967	9999	7.55	0.5435565154787617	0.15	4	13.89
N26513072	N3323813669	9999	139.85	10.068394528437723	0.15	4	13.89
N26513085	N1973690393	9999	11.75	0.8459323254139669	0.15	4	13.89
N26513085	N996183822	9999	36.21	2.6069114470842334	0.15	4	13.89
N26513097	N1209332387	9999	34.66	2.49532037437005	0.15	4	13.89
N26513105	N26513097	9999	65.92	4.745860331173506	0.15	4	13.89
N26513105	N26513145	9999	103.01	7.416126709863211	0.15	4	13.89
N26513111	N26513067	9999	103.28	7.435565154787617	0.15	4	13.89
N26513111	N26513105	9999	74.96	5.3966882649388035	0.15	4	13.89
N26513117	N1973690386	9999	94.3	6.789056875449964	0.15	4	13.89
N26513117	N26513124	9999	74.09	5.334053275737941	0.15	4	13.89
N26513124	N26513111	9999	70.35	5.064794816414686	0.15	4	13.89
N26513132	N1950481105	9999	62.74	4.5169186465082785	0.15	4	13.89
N26513132	N26513124	9999	100.01	7.2001439884809235	0.15	4	13.89
N26513137	N26513111	9999	101.59	7.313894888408928	0.15	4	13.89
N26513137	N942080449	9999	2.77	0.1994240460763139	0.15	4	13.89
N26513145	N26513137	9999	72.79	5.240460763138949	0.15	4	13.89
N26513155	N1981925766	9999	92.92	6.689704823614111	0.15	4	13.89
N26513155	N4470512290	9999	138.1	9.942404607631387	0.15	4	13.89
N26784118	N28096712	9999	95.13	6.848812095032398	0.15	4	13.89
N2757612347	N4203458319	9999	97.1	6.9906407487401	0.15	4	13.89
N28096488	N1963430768	9999	10.09	0.7264218862491	0.15	4	13.89
N28096488	N29484172	9999	100.88	7.262778977681784	0.15	4	13.89
N2827804125	N25552447	9999	4.1	0.2951763858891288	0.15	4	13.89
N29484171	N1505184318	9999	10.83	0.7796976241900647	0.15	4	13.89
N29484171	N1505184320	9999	9.89	0.7120230381569475	0.15	4	13.89
N29484171	N1505184322	9999	0.94	0.06767458603311734	0.15	4	13.89
N29484172	N1505184321	9999	98.31	7.077753779697624	0.15	4	13.89
N29484172	N2757612347	9999	46.05	3.3153347732181424	0.15	4	13.89
N3235382373	N2506473199	9999	4.23	0.3045356371490281	0.15	4	13.89
N3280496563	N1209330887	9999	21.5	1.5478761699064074	0.15	4	13.89
N3280496563	N171946	9999	5.27	0.3794096472282217	0.15	4	13.89
N329991000	N1209330887	9999	3.21	0.2311015118790497	0.15	4	13.89
N329991000	N3280496563	9999	26.11	1.8797696184305253	0.15	4	13.89
N329991170	N2506473177	9999	0.14	0.01007919366450684	0.15	4	13.89
N329991195	N2383701847	9999	83.28	5.995680345572354	0.15	4	13.89
N329991283	N21527321	9999	15.5	1.1159107271418287	0.15	4	13.89
N329991544	N4154368889	9999	83.97	6.04535637149028	0.15	4	13.89
N3323813669	N942080445	9999	11.26	0.8106551475881929	0.15	4	13.89
N3323948849	N3428425012	9999	6.82	0.4910007199424046	0.15	4	13.89
N3418035823	N25901895	9999	22.49	1.6191504679625628	0.15	4	13.89
N3418035825	N25901925	9999	20.38	1.4672426205903526	0.15	4	13.89
N3418035827	N25901925	9999	14.23	1.0244780417566597	0.15	4	13.89
N3418035839	N942080477	9999	4.11	0.2958963282937365	0.15	4	13.89
N3418035846	N1493669240	9999	11.86	0.8538516918646507	0.15	4	13.89
N3428425011	N25903307	9999	0.87	0.06263498920086392	0.15	4	13.89
N3428425012	N1278839042	9999	2.86	0.20590352771778256	0.15	4	13.89
N3428425014	N25552450	9999	2.74	0.197264218862491	0.15	4	13.89
N345537803	N25901950	9999	0.2	0.014398848092152628	0.15	4	13.89
N345537803	N3323948849	9999	0.2	0.014398848092152628	0.15	4	13.89
N345538475	N1278839131	9999	14.01	1.0086393088552916	0.15	4	13.89
N3587032531	N3418035823	9999	26.74	1.9251259899208064	0.15	4	13.89
N365886564	N1915012228	9999	47.63	3.4290856731461483	0.15	4	13.89
N365886564	N25903298	9999	6.9	0.4967602591792656	0.15	4	13.89
N389139048	N1278838975	9999	39.97	2.8776097912167025	0.15	4	13.89
N389139048	N25901936	9999	7.18	0.5169186465082793	0.15	4	13.89
N389139057	N2383701845	9999	4.27	0.3074154067674585	0.15	4	13.89
N389139057	N329991195	9999	28.21	2.0309575233981283	0.15	4	13.89
N4018314904	N255522956	9999	26.16	1.883369330453564	0.15	4	13.89
N4154368889	N2383701847	9999	73.24	5.272858171346292	0.15	4	13.89
N4154368889	N329991170	9999	80.39	5.787616990640749	0.15	4	13.89
N4203458319	N25552418	9999	6.01	0.4326853851691864	0.15	4	13.89
N4456617457	N25552449	9999	10.56	0.7602591792656588	0.15	4	13.89
N4470512290	N25552423	9999	12.57	0.9049676025917928	0.15	4	13.89
N4576234358	N26513061	9999	4.52	0.3254139668826493	0.15	4	13.89
N4576234359	N26513061	9999	3.01	0.21670266378689704	0.15	4	13.89
N4576234370	N1555729985	9999	3.58	0.257739380849532	0.15	4	13.89
N4576234377	N942080448	9999	13.95	1.0043196544276456	0.15	4	13.89
N4576234821	N26513047	9999	4.71	0.3390928725701944	0.15	4	13.89
N4576234822	N4576234359	9999	53.95	3.884089272858172	0.15	4	13.89
N4576234823	N26513047	9999	4.16	0.2994960403167747	0.15	4	13.89
N4576234824	N4576234828	9999	95.03	6.841612670986321	0.15	4	13.89
N4576234828	N26513097	9999	6.5	0.4679625629949604	0.15	4	13.89
N554166728	N25901935	9999	5.72	0.4118070554355651	0.15	4	13.89
N942080445	N25901919	9999	32.48	2.3383729301655864	0.15	4	13.89
N942080445	N25901921	9999	110.03	7.921526277897768	0.15	4	13.89
N942080448	N3235382373	9999	62.9	4.528437724982001	0.15	4	13.89
N942080448	N4576234370	9999	6.37	0.4586033117350612	0.15	4	13.89
N942080449	N26513132	9999	70.95	5.107991360691145	0.15	4	13.89
N942080459	N26513137	9999	6.82	0.4910007199424046	0.15	4	13.89
N942080469	N1278839025	9999	8.41	0.605471562275018	0.15	4	13.89
N942080477	N942080469	9999	141.58	10.192944564434846	0.15	4	13.89
N996183822	N996184088	9999	25.06	1.804175665946724	0.15	4	13.89
N996184088	N26513117	9999	35.73	2.5723542116630664	0.15	4	13.89
